60.0          0.0
260.0         0.0
267.69        0.1887
273.85        0.2550
281.23        0.3005
288.62        0.3399
298.46        0.3741
305.85        0.4007
315.69        0.4175
344.00        0.4177
377.23        0.4237
409.23        0.4014
430.15        0.3699
454.77        0.3183
480.62        0.2703
502.77        0.2358
520.00        0.1819
531.08        0.1328
545.85        0.1024
565.54        0.0801
584.00        0.0626
607.38        0.0378
629.54        0.0199
654.15        0.0082
672.62        0.0032
684.92        0.0013
699.69        0.0005
710.77        0.0002
800.0         0.0





